1 3.884146
2 3.280062
3 3.134112
4 3.093291
5 3.050098
6 3.012464
7 2.958933
8 2.914965
9 2.888178
10 2.849714
11 2.818084
12 2.775689
13 2.744835
14 2.707448
15 2.672509
16 2.626589
17 2.583223
18 2.534459
19 2.493986
20 2.447843
21 2.395267
22 2.353728
23 2.312210
24 2.294191
25 2.276760
26 2.237109
27 2.193178
28 2.159412
29 2.136181
30 2.080115
31 2.465447
32 2.447508
33 2.391473
34 2.328989
35 2.277374
36 2.220693
37 2.172792
38 2.137981
39 2.088606
40 2.084708
41 2.081839
42 2.076877
43 2.071368
44 2.065078
45 2.059211
46 2.057582
47 2.048900
48 2.049705
49 2.051210
50 2.049996
51 2.048605
52 2.049704
53 2.048448
54 2.040130
55 2.040559
56 2.040147
57 2.038453
58 2.035052
59 2.029641
60 2.022349
61 2.437952
62 2.395311
63 2.349065
64 2.301022
65 2.245600
66 2.200479
67 2.176225
68 2.117336
69 2.063718
70 2.063866
71 2.061986
72 2.058320
73 2.057912
74 2.057685
75 2.058300
76 2.056610
77 2.054079
78 2.052634
79 2.051064
80 2.049846
81 2.049107
82 2.047439
83 2.049201
84 2.043927
85 2.040549
86 2.032003
87 2.028518
88 2.027037
89 2.025642
90 2.020662
91 2.456926
92 2.413893
93 2.361180
94 2.297597
95 2.247405
96 2.198616
97 2.153943
98 2.102326
99 2.056169
100 2.054630
101 2.053057
102 2.056062
103 2.057964
104 2.054403
105 2.063179
106 2.058780
107 2.055317
108 2.054729
109 2.055678
110 2.058807
111 2.060905
112 2.065811
113 2.068996
114 2.072800
115 2.074944
116 2.073418
117 2.075628
118 2.075905
119 2.072467
120 2.069300
121 2.525165
122 2.462587
123 2.416626
124 2.370271
125 2.323925
126 2.275022
127 2.231203
128 2.178860
129 2.123740
130 2.120443
131 2.117495
132 2.113370
133 2.108858
134 2.106187
135 2.101347
136 2.099589
137 2.095762
138 2.092765
139 2.089100
140 2.083435
141 2.061203
142 2.024679
143 2.018221
144 2.012677
145 2.007403
146 2.003529
147 1.999597
148 1.995788
